2
6
5
52
21
17
67
31
65
33
57
40
109
94
42
41
57
91
92
1
2
2
2
3
3
1
2
2
2
3
3
3
4
4
4
5
5
5
6
6
6
7
9
7
10
11
8
14
15
9
18
16
10
24
20
11
30
23
12
36
28
13
42
30
14
52
36
15
62
41
16
74
48
17
87
52
18
97
57
19
107
61
20
117
67
21
127
71
75
33
26
74
27
21
73
21
19
72
16
14
71
12
12
70
9
7
7
10
11
8
14
15
64
19
18
65
25
24
66
31
27
67
37
32
68
45
38
69
55
44
63
148
86
62
142
84
61
136
80
60
129
77
59
119
74
58
109
69
57
99
64
56
89
58
55
77
51
54
64
43
53
53
37
52
43
34
12
36
28
23
44
31
22
54
42
24
65
49
25
75
53
26
63
54
51
143
85
50
137
82
49
130
76
48
120
73
47
110
70
46
100
65
45
90
59
44
79
56
43
66
46
22
54
42
14
52
36
99
121
79
98
111
75
97
101
68
96
91
60
95
80
50
94
67
45
93
56
40
92
46
35
91
38
29
90
32
25
89
26
22
88
20
17
87
15
13
86
11
10
85
8
8
5
6
6
70
9
7
75
33
26
76
39
33
77
47
39
78
57
47
79
68
55
80
81
62
81
92
66
82
102
81
83
112
90
84
122
91
14
52
36
26
63
54
27
76
63
28
88
72
29
98
78
30
108
83
31
118
87
32
128
88
33
135
89
