2
6
4
52
21
13
67
31
22
65
33
39
40
109
85
94
42
30
2
6
4
57
91
88
35
89
67
1
2
2
2
3
3
1
2
2
2
3
3
3
4
4
4
5
5
5
6
6
6
7
8
7
10
10
8
14
14
9
18
15
10
24
17
11
30
20
12
36
24
13
42
25
14
52
29
15
62
34
16
74
37
17
87
42
18
97
45
19
107
49
20
117
54
21
127
58
75
33
23
74
27
20
73
21
15
72
16
13
71
12
11
70
9
7
7
10
10
8
14
14
64
19
16
65
25
20
66
31
25
67
37
29
68
45
33
69
55
39
63
148
83
62
142
80
61
136
75
60
129
71
59
119
65
58
109
61
57
99
57
56
89
51
55
77
46
54
64
39
53
53
34
52
43
29
12
36
24
23
44
29
22
54
36
24
65
42
25
75
47
26
63
45
51
143
78
50
137
72
49
130
69
48
120
65
47
110
60
46
100
56
45
90
50
44
79
46
43
66
42
22
54
36
14
52
29
99
121
61
98
111
55
97
101
49
96
91
43
95
80
33
94
67
30
93
56
27
92
46
25
91
38
23
90
32
20
89
26
18
88
20
15
87
15
12
86
11
10
85
8
7
5
6
6
70
9
7
75
33
23
76
39
27
77
47
30
78
57
37
79
68
42
80
81
49
81
92
53
82
102
72
83
112
87
84
122
88
14
52
29
26
63
45
27
76
53
28
88
63
29
98
68
30
108
72
31
118
77
32
128
81
33
135
84
34
141
87
