2
6
3
52
20
10
67
32
17
65
34
29
40
106
81
94
43
34
2
6
3
57
97
70
1
2
2
2
3
3
3
4
4
1
2
2
2
3
3
3
4
4
4
5
5
5
6
6
6
7
7
7
10
8
8
13
9
9
16
10
10
20
11
11
24
13
12
28
14
13
32
15
14
38
16
15
44
17
16
51
18
17
59
19
18
66
20
19
73
21
20
80
27
21
87
29
75
27
23
74
23
19
73
19
15
72
15
13
71
12
11
70
9
7
7
10
8
8
13
9
64
17
12
65
21
15
66
25
17
67
29
21
68
35
25
69
41
32
63
101
79
62
97
73
61
93
69
60
89
63
59
82
58
58
75
55
57
68
47
56
61
41
55
54
37
54
46
30
53
39
24
52
33
18
12
28
14
23
34
17
22
40
20
24
47
24
25
52
27
26
45
32
51
99
66
50
95
62
49
91
52
48
84
49
47
77
47
46
70
43
45
63
39
44
56
32
43
48
28
22
40
20
14
38
16
99
85
42
98
78
39
97
71
35
96
64
32
95
57
25
94
49
23
93
42
21
92
36
18
91
30
17
90
26
16
89
22
15
88
18
13
87
14
11
86
11
9
85
8
7
5
6
6
70
9
7
75
27
23
76
31
27
77
37
34
78
43
38
79
50
42
80
58
48
81
65
52
82
72
70
83
79
81
84
86
82
14
38
16
26
45
32
27
53
42
28
60
48
29
67
53
30
74
56
31
81
59
32
88
60
33
92
61
34
96
64
